0, 0
45, 1.41421
90, 2
135, 1.41421
180, 2.44929e-16
225, -1.41421
270, -2
315, -1.41421
360, -4.89859e-16


I changed the increment to 1 so it is easier to plot 
Here is the data I used to plot the Sine curve

0, 0
1, 0.0349048
2, 0.069799
3, 0.104672
4, 0.139513
5, 0.174311
6, 0.209057
7, 0.243739
8, 0.278346
9, 0.312869
10, 0.347296
11, 0.381618
12, 0.415823
13, 0.449902
14, 0.483844
15, 0.517638
16, 0.551275
17, 0.584743
18, 0.618034
19, 0.651136
20, 0.68404
21, 0.716736
22, 0.749213
23, 0.781462
24, 0.813473
25, 0.845237
26, 0.876742
27, 0.907981
28, 0.938943
29, 0.969619
30, 1
31, 1.03008
32, 1.05984
33, 1.08928
34, 1.11839
35, 1.14715
36, 1.17557
37, 1.20363
38, 1.23132
39, 1.25864
40, 1.28558
41, 1.31212
42, 1.33826
43, 1.364
44, 1.38932
45, 1.41421
46, 1.43868
47, 1.46271
48, 1.48629
49, 1.50942
50, 1.53209
51, 1.55429
52, 1.57602
53, 1.59727
54, 1.61803
55, 1.6383
56, 1.65808
57, 1.67734
58, 1.6961
59, 1.71433
60, 1.73205
61, 1.74924
62, 1.7659
63, 1.78201
64, 1.79759
65, 1.81262
66, 1.82709
67, 1.84101
68, 1.85437
69, 1.86716
70, 1.87939
71, 1.89104
72, 1.90211
73, 1.91261
74, 1.92252
75, 1.93185
76, 1.94059
77, 1.94874
78, 1.9563
79, 1.96325
80, 1.96962
81, 1.97538
82, 1.98054
83, 1.98509
84, 1.98904
85, 1.99239
86, 1.99513
87, 1.99726
88, 1.99878
89, 1.9997
90, 2
91, 1.9997
92, 1.99878
93, 1.99726
94, 1.99513
95, 1.99239
96, 1.98904
97, 1.98509
98, 1.98054
99, 1.97538
100, 1.96962
101, 1.96325
102, 1.9563
103, 1.94874
104, 1.94059
105, 1.93185
106, 1.92252
107, 1.91261
108, 1.90211
109, 1.89104
110, 1.87939
111, 1.86716
112, 1.85437
113, 1.84101
114, 1.82709
115, 1.81262
116, 1.79759
117, 1.78201
118, 1.7659
119, 1.74924
120, 1.73205
121, 1.71433
122, 1.6961
123, 1.67734
124, 1.65808
125, 1.6383
126, 1.61803
127, 1.59727
128, 1.57602
129, 1.55429
130, 1.53209
131, 1.50942
132, 1.48629
133, 1.46271
134, 1.43868
135, 1.41421
136, 1.38932
137, 1.364
138, 1.33826
139, 1.31212
140, 1.28558
141, 1.25864
142, 1.23132
143, 1.20363
144, 1.17557
145, 1.14715
146, 1.11839
147, 1.08928
148, 1.05984
149, 1.03008
150, 1
151, 0.969619
152, 0.938943
153, 0.907981
154, 0.876742
155, 0.845237
156, 0.813473
157, 0.781462
158, 0.749213
159, 0.716736
160, 0.68404
161, 0.651136
162, 0.618034
163, 0.584743
164, 0.551275
165, 0.517638
166, 0.483844
167, 0.449902
168, 0.415823
169, 0.381618
170, 0.347296
171, 0.312869
172, 0.278346
173, 0.243739
174, 0.209057
175, 0.174311
176, 0.139513
177, 0.104672
178, 0.069799
179, 0.0349048
180, 2.44929e-16
181, -0.0349048
182, -0.069799
183, -0.104672
184, -0.139513
185, -0.174311
186, -0.209057
187, -0.243739
188, -0.278346
189, -0.312869
190, -0.347296
191, -0.381618
192, -0.415823
193, -0.449902
194, -0.483844
195, -0.517638
196, -0.551275
197, -0.584743
198, -0.618034
199, -0.651136
200, -0.68404
201, -0.716736
202, -0.749213
203, -0.781462
204, -0.813473
205, -0.845237
206, -0.876742
207, -0.907981
208, -0.938943
209, -0.969619
210, -1
211, -1.03008
212, -1.05984
213, -1.08928
214, -1.11839
215, -1.14715
216, -1.17557
217, -1.20363
218, -1.23132
219, -1.25864
220, -1.28558
221, -1.31212
222, -1.33826
223, -1.364
224, -1.38932
225, -1.41421
226, -1.43868
227, -1.46271
228, -1.48629
229, -1.50942
230, -1.53209
231, -1.55429
232, -1.57602
233, -1.59727
234, -1.61803
235, -1.6383
236, -1.65808
237, -1.67734
238, -1.6961
239, -1.71433
240, -1.73205
241, -1.74924
242, -1.7659
243, -1.78201
244, -1.79759
245, -1.81262
246, -1.82709
247, -1.84101
248, -1.85437
249, -1.86716
250, -1.87939
251, -1.89104
252, -1.90211
253, -1.91261
254, -1.92252
255, -1.93185
256, -1.94059
257, -1.94874
258, -1.9563
259, -1.96325
260, -1.96962
261, -1.97538
262, -1.98054
263, -1.98509
264, -1.98904
265, -1.99239
266, -1.99513
267, -1.99726
268, -1.99878
269, -1.9997
270, -2
271, -1.9997
272, -1.99878
273, -1.99726
274, -1.99513
275, -1.99239
276, -1.98904
277, -1.98509
278, -1.98054
279, -1.97538
280, -1.96962
281, -1.96325
282, -1.9563
283, -1.94874
284, -1.94059
285, -1.93185
286, -1.92252
287, -1.91261
288, -1.90211
289, -1.89104
290, -1.87939
291, -1.86716
292, -1.85437
293, -1.84101
294, -1.82709
295, -1.81262
296, -1.79759
297, -1.78201
298, -1.7659
299, -1.74924
300, -1.73205
301, -1.71433
302, -1.6961
303, -1.67734
304, -1.65808
305, -1.6383
306, -1.61803
307, -1.59727
308, -1.57602
309, -1.55429
310, -1.53209
311, -1.50942
312, -1.48629
313, -1.46271
314, -1.43868
315, -1.41421
316, -1.38932
317, -1.364
318, -1.33826
319, -1.31212
320, -1.28558
321, -1.25864
322, -1.23132
323, -1.20363
324, -1.17557
325, -1.14715
326, -1.11839
327, -1.08928
328, -1.05984
329, -1.03008
330, -1
331, -0.969619
332, -0.938943
333, -0.907981
334, -0.876742
335, -0.845237
336, -0.813473
337, -0.781462
338, -0.749213
339, -0.716736
340, -0.68404
341, -0.651136
342, -0.618034
343, -0.584743
344, -0.551275
345, -0.517638
346, -0.483844
347, -0.449902
348, -0.415823
349, -0.381618
350, -0.347296
351, -0.312869
352, -0.278346
353, -0.243739
354, -0.209057
355, -0.174311
356, -0.139513
357, -0.104672
358, -0.069799
359, -0.0349048
360, -4.89859e-16